Bubble Sort
190025208, 185634711, 188543184, 186817828, 192261436, 186726394, 190432214, 185103042, 190821228, 186186130, 190242071, 196975539, 188231434, 194352725, 191484599, 185649830, 189830508, 187283007, 190117378, 185342205, 189064105, 186755497, 190738120, 188597079, 188128712, 188199446, 188220666, 197195571, 199660034, 198094801, 188276768, 185889502, 190030213, 188081698, 197286317, 188560692, 190421681, 193858401, 192288341, 187157855, 190657514, 187879147, 189618537, 201295705, 188221352, 198486440, 191370237, 188453349, 190875720, 188319835, 190402925, 186421362, 192591714, 190580748, 191425917, 187190595, 189547622, 186152891, 189509519, 197205235, 192465498, 196366648, 190151701, 186815019, 191007980, 189103516, 190589486, 187247865, 189615803, 184692781, 192529863, 190653424, 191939274, 186373686, 189859920, 196553841, 189606069, 197104069, 190414286, 186946846, 188102441, 189165452, 190466761, 188386146, 190338418, 188111686, 190543635, 187805264, 191093433, 188401671, 190152533, 197892772, 189074763, 195750920, 190875076, 189111861, 190267495, 188892254, 189992495, 187405019, 
Optimized Bubble Sort
122122400, 126103852, 127844794, 122674844, 123270480, 124282544, 123643164, 123094435, 123371970, 122324989, 122552199, 123393489, 123616441, 124329599, 122328473, 128259893, 124096206, 127202332, 130068874, 124378688, 123769486, 125220341, 126549003, 123927134, 126260386, 123310385, 124215938, 123234320, 125966559, 122765482, 126608873, 131930849, 123169686, 122889465, 128284510, 124654433, 127207822, 126382321, 125853248, 123048392, 123640733, 123435243, 125188259, 125192577, 122791294, 124552245, 127590821, 128811771, 126104659, 124778711, 129855203, 123894457, 123614708, 124979178, 124161621, 125068586, 126661259, 122120849, 122561683, 123287396, 125796882, 125878035, 125445475, 126343223, 123669757, 123416145, 127895007, 125386501, 123585184, 124974612, 122495522, 123818184, 125264829, 124010366, 125527745, 122177819, 124585152, 123511991, 124890047, 129012805, 124766964, 123263740, 127493280, 123549591, 127521231, 127473651, 126138244, 122962157, 123509872, 122718034, 125456364, 124771026, 125912906, 121526098, 124923883, 128283808, 122398316, 125332786, 130493556, 124482847, 
Selection Sort
102249106, 106942963, 101585461, 101133556, 104859502, 101418544, 100616156, 104401195, 107315306, 106944385, 103005094, 108702619, 100444591, 111310281, 103782132, 106533465, 102460152, 109362336, 102244122, 103466644, 108953832, 109134112, 105181106, 105537400, 107215955, 103376902, 103060054, 108167193, 103261485, 106547659, 100730327, 107049418, 100207478, 101888286, 100935454, 105303124, 108156420, 102694209, 103871345, 107304899, 104354739, 106569086, 102384472, 106430634, 100963685, 105238799, 104676957, 103278120, 104626721, 109099150, 101434544, 102349924, 100370120, 101278097, 99797137, 107932891, 108953683, 107610763, 109819870, 109469958, 102637827, 114636879, 100996533, 103580229, 106001969, 109801052, 100836399, 100493140, 101205025, 105886679, 108414789, 105810314, 107263944, 111241514, 105070925, 106221290, 101427564, 105489305, 105044985, 109244547, 102533014, 102351600, 101405401, 101155168, 100484729, 101134978, 108649119, 109748737, 108673644, 106633647, 101000714, 106369086, 100569568, 106763030, 106267764, 103307625, 104960952, 102161297, 106148967, 102641133, 
Optimized Selection Sort
65607895, 77796910, 79252422, 73119041, 65939563, 73375146, 65484362, 66680414, 65861184, 66822752, 65449815, 65492506, 66474744, 65818232, 66636618, 78663025, 66798125, 75628465, 78541153, 70568004, 65706660, 72833438, 66092449, 66058124, 66357010, 68679020, 65875798, 67010665, 66001596, 65579838, 65498194, 76369204, 65330025, 80087234, 78827061, 66431068, 66196162, 73475850, 65694975, 66107785, 66282475, 68805468, 65662543, 65606427, 66278316, 65768934, 66104558, 72888207, 65670568, 80168586, 73247436, 65805872, 65556321, 77036812, 65604220, 65769704, 66077566, 71326012, 66456912, 65717694, 66136838, 65786955, 65690383, 79244655, 65940205, 81009432, 72868988, 66385336, 65837449, 76535771, 65735707, 69046198, 69003306, 69026930, 68628477, 65791201, 66638282, 65651276, 66462019, 78884111, 65713534, 79893520, 73078952, 66027005, 65634734, 76537311, 65784115, 66657969, 65975348, 70874752, 65615025, 65706158, 66067761, 66116333, 65891657, 80373295, 66018377, 80308071, 73411207, 65996405, 
Insert Sort
39779304, 39683973, 39284928, 40220258, 39697599, 39298084, 40217573, 39002093, 39929658, 40813709, 39236848, 39986755, 40906965, 39193465, 40130788, 38682870, 38950546, 39760097, 38888909, 39028613, 39869734, 39931752, 39541834, 39390118, 39208723, 40116890, 38626853, 39115718, 39146095, 39119415, 39608911, 39683281, 38838243, 39323992, 38780294, 39215316, 39258718, 39128291, 39709330, 38854995, 39370861, 39682900, 39286320, 39204285, 39142038, 40252146, 39855536, 39485927, 39852429, 39739677, 40406898, 39880795, 39542144, 39251634, 39505294, 38970964, 39820731, 39103765, 38854993, 40083236, 39274537, 40206759, 41719952, 39380117, 39580826, 40357054, 39031738, 39403511, 39890171, 38461660, 39892496, 39224142, 39621413, 39220755, 39100066, 39207710, 39828784, 38924856, 39642783, 39156053, 38819566, 39630700, 38871895, 39332536, 39875393, 39412086, 39470557, 40473805, 39590254, 39684041, 38876464, 40032018, 39255250, 38881433, 40001240, 39406125, 38698877, 40025706, 39747791, 39696524, 
